[cf2x_L250]
acc_coef = 0.0
cmd_f_coef = 1.0591
thrust_time_coef = 0.1108
rpy_coef = [-257.2, -257.2, -225.3]
rpy_rates_coef = [-20.2, -20.2, -28.61]
cmd_rpy_coef = [207.1, 207.1, 392.7]

# TODO: Check if parameters are correct
[cf2x_P250]
acc_coef = 0.1670
cmd_f_coef = 0.5615
thrust_time_coef = 0.0654
rpy_coef = [-286.2, -286.2, -192.9]
rpy_rates_coef = [-23.03, -23.03, -22.22]
cmd_rpy_coef = [225.6, 225.6, 323.5]

# TODO: Check if parameters are correct
[cf2x_T350]
acc_coef = 0.1670
cmd_f_coef = 0.5615
thrust_time_coef = 0.0654
rpy_coef = [-286.2, -286.2, -192.9]
rpy_rates_coef = [-23.03, -23.03, -22.22]
cmd_rpy_coef = [225.6, 225.6, 323.5]


[cf21B_500]
acc_coef = 0.0
cmd_f_coef = 0.96841816
thrust_time_coef = 0.02055366
rpy_coef = [-188.9910, -188.9910, -138.3109]
rpy_rates_coef = [-12.7803, -12.7803, -16.8485]
cmd_rpy_coef = [138.0834, 138.0834, 198.5161]